x y
509.8 -293.0
512.5 -290.3
516.9 -288.6
531.8 -292.7
533.6 -289.4
537.1 -287.1
541.5 -285.2
548.6 -284.6
550.3 -281.2
560.1 -281.9
561.8 -278.5
570.7 -278.5
6.3 -3.0
0.0 -0.0
0.0 -0.0
0.0 -0.0
0.0 -0.0
0.0 -0.0
0.0 -0.0
0.0 -0.0
0.0 -0.0
0.0 -0.0
0.0 -0.0
0.0 -0.0
0.0 -0.0
0.0 -0.0
0.0 -0.0
0.0 -0.0
0.0 -0.0
0.0 -0.0
0.0 -0.0
0.0 -0.0
0.0 -0.0
0.0 -0.0
0.0 -0.0
0.0 -0.0
6.7 -2.1
0.0 -0.0
0.0 -0.0
0.0 -0.0
0.0 -0.0
0.0 -0.0
0.0 -0.0
0.0 -0.0
0.0 -0.0
0.0 -0.0
0.0 -0.0
6.8 -1.6
0.0 -0.0
6.8 -1.5
0.0 -0.0
0.0 -0.0
0.0 -0.0
0.0 -0.0
0.0 -0.0
0.0 -0.0
0.0 -0.0
6.9 -1.2
0.0 -0.0
6.9 -1.1
1142.4 -176.6
999.1 -148.2
981.1 -139.4
962.2 -130.7
963.0 -124.8
958.7 -118.2
957.5 -112.1
944.2 -104.7
944.8 -98.9
945.4 -93.1
946.0 -87.3
944.5 -81.3
946.0 -75.6
946.4 -69.8
939.9 -63.5
939.2 -57.7
947.6 -52.4
947.9 -46.6
950.1 -40.8
951.4 -35.0
951.6 -29.2
950.7 -23.3
950.8 -17.5
951.9 -11.7
960.0 -5.9
966.0 0.0
970.0 6.0
990.9 12.2
990.8 18.2
2243.3 55.1
2254.9 69.2
2254.5 83.0
2241.9 96.4
2241.3 110.1
2215.6 122.5
2214.8 136.1
7.0 0.5
0.0 0.0
0.0 0.0
0.0 0.0
0.0 0.0
0.0 0.0
7.0 0.7
0.0 0.0
7.0 0.8
2257.9 278.5
2250.2 291.6
2253.3 306.0
2251.4 319.9
2249.4 333.7
2247.3 347.5
2245.1 361.2
2245.8 375.5
2240.5 388.8
2238.1 402.5
2235.6 416.2
2231.0 429.6
2228.3 443.2
2225.6 456.9
2222.7 470.6
2220.8 484.4
2221.7 498.9
2221.5 513.2
2215.4 526.1
2208.2 538.8
2112.7 529.2
1958.4 503.3
1896.2 499.8
1867.1 504.4
1857.2 514.0
1847.3 523.4
1832.5 531.4
1829.2 542.6
1800.0 546.0
1789.0 554.7
1790.3 567.2
1785.8 577.8
1768.0 584.1
1778.6 599.7
1775.9 610.9
1773.0 622.1
1773.9 634.7
1771.8 646.3
1825.9 678.7
1960.1 742.3
2158.9 832.8
2162.2 849.3
2156.9 862.6
2162.7 880.3
2159.1 894.3
2160.0 910.3
2154.4 923.5
2148.7 936.7
2142.9 949.9
2137.0 963.0
2133.8 977.4
2147.7 999.7
2141.6 1012.9
2135.3 1026.0
2129.0 1039.1
2124.3 1053.0
2120.5 1067.4
2122.8 1084.9
2124.1 1102.1
2126.2 1119.7
2120.1 1133.2
2114.0 1146.7
2112.2 1162.5
2105.9 1176.0
2104.7 1192.3
2101.7 1207.7
2100.3 1224.1
2102.2 1242.6
2098.0 1257.5
2090.2 1270.3
2095.2 1291.0
2088.1 1304.4
2085.9 1320.9
2077.8 1333.7
2074.6 1349.7
2083.0 1373.4
2080.3 1390.0
2081.7 1409.5
2073.0 1422.2
2065.9 1436.1
2064.4 1453.9
2065.2 1473.5
2059.4 1488.5
2053.4 1503.5
2050.6 1520.8
2047.6 1538.2
2050.9 1560.4
2043.6 1574.8
2047.3 1597.8
2039.1 1611.5
2031.5 1625.9
2025.3 1641.5
2027.6 1664.0
2028.1 1685.4
2026.2 1704.9
2021.0 1721.8
0.0 0.0
0.0 0.0
0.0 0.0
0.0 0.0
0.0 0.0
0.0 0.0
0.0 0.0
0.0 0.0
0.0 0.0
0.0 0.0
0.0 0.0
0.0 0.0
0.0 0.0
0.0 0.0
0.0 0.0
0.0 0.0
666.1 699.6
654.9 696.4
649.3 699.0
645.0 702.9
635.3 700.9
627.6 701.1
614.1 694.4
603.9 691.4
599.6 695.1
595.3 698.8
594.9 707.0
590.6 710.7
586.2 714.3
544.6 672.0
534.3 667.5
530.1 670.8
523.6 670.9
512.7 665.4
500.2 657.4
495.5 659.6
490.3 661.0
486.2 664.0
481.5 666.2
473.4 663.4
466.4 662.2
462.3 665.1
458.2 667.9
451.9 667.4
446.7 668.5
446.4 677.1
438.4 673.9
433.2 674.9
427.5 675.0
414.8 664.1
409.2 664.1
396.3 652.0
385.6 643.3
381.6 645.7
377.2 647.1
372.7 648.6
368.7 650.8
364.2 652.2
360.2 654.4
355.2 654.9
351.2 657.0
347.2 659.2
341.3 657.7
333.1 651.8
329.1 653.8
324.2 654.1
316.7 648.8
312.7 650.8
309.5 654.5
305.5 656.4
301.5 658.2
297.5 660.1
292.2 659.1
287.7 660.0
280.9 655.3
276.1 655.2
272.1 656.9
268.1 658.5
268.8 672.2
267.3 680.4
263.1 682.0
258.9 683.6
253.3 681.4
242.6 665.1
236.2 660.0
228.1 650.1
224.1 651.5
223.7 663.3
219.6 664.7
215.5 666.0
211.4 667.3
205.5 662.9
201.5 664.1
197.4 665.3
193.6 667.5
189.5 668.7
185.4 669.8
181.3 670.9
177.1 672.0
173.0 673.1
168.9 674.2
163.5 670.3
158.5 667.4
154.4 668.4
150.7 671.3
146.6 672.2
142.9 675.0
138.8 675.9
134.6 676.7
132.5 688.4
128.3 689.2
125.1 695.8
120.9 696.6
116.9 699.3
115.3 716.8
111.4 720.4
704.6 4750.0
0.0 0.0
0.9 6.9
0.0 0.0
0.0 0.0
0.0 0.0
0.0 0.0
0.0 0.0
0.0 0.0
0.0 0.0
0.0 0.0
0.0 0.0
0.0 0.0
0.0 0.0
0.0 0.0
0.0 0.0
0.0 0.0
0.0 0.0
0.0 0.0
0.0 0.0
0.2 7.0
0.0 0.0
0.0 0.0
0.0 0.0
0.0 6.0
-0.0 6.0
-0.1 6.0
-0.1 6.0
-0.1 6.0
-0.2 6.0
-0.2 6.0
-0.3 6.0
-0.3 6.0
-0.3 6.0
-0.4 6.0
-0.4 6.0
-0.4 6.0
-0.5 6.0
-0.5 6.0
-0.6 6.0
-0.6 6.0
-0.6 6.0
-0.7 6.0
-0.7 6.0
-0.7 6.0
-0.8 6.0
-0.8 5.9
-0.8 5.9
-0.9 5.9
-0.9 5.9
-1.0 5.9
-1.0 5.9
-1.0 5.9
-0.0 0.0
-0.0 0.0
-0.0 0.0
-1.2 5.9
-1.2 5.9
-1.2 5.9
-1.3 5.9
-1.3 5.9
-1.4 5.8
-1.6 6.8
-0.0 0.0
-0.0 0.0
-0.0 0.0
-0.0 0.0
-1.8 6.8
-1330.6 4808.3
-997.5 3520.4
-1019.1 3514.2
-1040.6 3507.9
-1062.7 3503.4
-1084.2 3496.8
-1105.9 3491.0
-1128.0 3486.1
-1149.3 3479.1
-1172.9 3478.6
-1194.2 3471.3
-1214.8 3462.0
-1236.0 3454.5
-1258.6 3450.6
-1279.7 3442.8
-1304.4 3444.3
-1325.9 3437.1
-1349.5 3435.5
-1370.9 3428.0
-1392.7 3421.4
-1414.4 3414.7
-1437.3 3410.5
-1458.6 3402.6
-1481.0 3397.2
-1504.7 3394.5
-0.0 0.0
-2.5 5.5
-2.5 5.4
-2.6 5.4
-0.0 0.0
-0.0 0.0
-0.0 0.0
-0.0 0.0
-0.0 0.0
-0.0 0.0
-0.0 0.0
-106.5 199.3
-103.9 191.6
-102.7 186.6
-100.9 180.7
-102.0 180.1
-100.6 175.1
-98.7 169.3
-99.7 168.7
-103.8 173.3
-101.3 166.6
-102.3 166.0
-103.3 165.4
-103.3 163.1
-104.3 162.4
-105.2 161.8
-106.8 162.0
-109.4 163.8
-110.5 163.1
-114.8 167.4
-115.9 166.7
-118.6 168.4
-124.3 174.2
-126.5 175.1
-127.6 174.3
-127.5 171.9
-127.3 169.5
-122.9 161.6
-122.7 159.2
-123.7 158.5
-125.9 159.3
-128.1 160.1
-129.1 159.3
-130.1 158.5
-131.0 157.7
-132.0 156.9
-131.0 153.8
-131.9 153.0
-132.2 151.4
-133.1 150.6
-134.1 149.8
-139.7 154.1
-143.3 156.2
-144.3 155.3
-148.0 157.3
-150.3 157.9
-0.0 0.0
-0.0 0.0
-0.0 0.0
-0.0 0.0
-0.0 0.0
-0.0 0.0
-0.0 0.0
-0.0 0.0
-0.0 0.0
-0.0 0.0
-0.0 0.0
-0.0 0.0
-0.0 0.0
-0.0 0.0
-0.0 0.0
-0.0 0.0
-0.0 0.0
-0.0 0.0
-0.0 0.0
-0.0 0.0
-0.0 0.0
-0.0 0.0
-0.0 0.0
-0.0 0.0
-0.0 0.0
-0.0 0.0
-0.0 0.0
-0.0 0.0
-0.0 0.0
-0.0 0.0
-2055.4 1466.6
-2016.2 1419.9
-2015.8 1401.3
-2018.6 1384.9
-2004.7 1357.4
-2001.3 1337.3
-1990.3 1312.3
-1995.8 1298.4
-1972.6 1266.2
-1950.8 1235.3
-1951.5 1219.1
-1959.0 1207.1
-1966.3 1195.0
-1979.6 1186.5
-2005.8 1185.6
-2054.5 1197.4
-2083.5 1197.2
-2139.5 1212.0
-0.0 0.0
-0.0 0.0
-0.0 0.0
-0.0 0.0
-0.0 0.0
-0.0 0.0
-0.0 0.0
-0.0 0.0
-0.0 0.0
-0.0 0.0
-0.0 0.0
-0.0 0.0
-0.0 0.0
-0.0 0.0
-0.0 0.0
-0.0 0.0
-0.0 0.0
-0.0 0.0
-0.0 0.0
-0.0 0.0
-0.0 0.0
-0.0 0.0
-0.0 0.0
-0.0 0.0
-0.0 0.0
-0.0 0.0
-0.0 0.0
-0.0 0.0
-0.0 0.0
-0.0 0.0
-0.0 0.0
-0.0 0.0
-0.0 0.0
-0.0 0.0
-0.0 0.0
-0.0 0.0
-0.0 0.0
-0.0 0.0
-0.0 0.0
-0.0 0.0
-0.0 0.0
-0.0 0.0
-0.0 0.0
-0.0 0.0
-0.0 0.0
-0.0 0.0
-0.0 0.0
-0.0 0.0
-0.0 0.0
-0.0 0.0
-0.0 0.0
-0.0 0.0
-0.0 0.0
-0.0 0.0
-0.0 0.0
-0.0 0.0
-0.0 0.0
-5001.7 804.8
-5006.5 774.1
-5011.2 743.3
-4990.9 709.1
-4984.2 676.9
-4953.6 641.8
-4942.5 609.6
-4938.2 578.3
-4938.7 547.7
-4939.0 517.1
-4931.1 485.7
-4903.2 452.6
-4895.9 421.6
-4886.4 390.6
-4888.7 360.6
-4902.8 331.4
-0.0 0.0
-0.0 0.0
-0.0 0.0
-0.0 0.0
-0.0 0.0
-0.0 0.0
-0.0 0.0
-0.0 0.0
-0.0 0.0
-0.0 0.0
-0.0 0.0
-0.0 -0.0
-0.0 -0.0
-0.0 -0.0
-0.0 -0.0
-0.0 -0.0
-0.0 -0.0
-0.0 -0.0
-7.0 -0.3
-0.0 -0.0
-0.0 -0.0
-0.0 -0.0
-0.0 -0.0
-0.0 -0.0
-0.0 -0.0
-0.0 -0.0
-0.0 -0.0
-0.0 -0.0
-0.0 -0.0
-0.0 -0.0
-0.0 -0.0
-0.0 -0.0
-0.0 -0.0
-6.9 -1.0
-0.0 -0.0
-4990.7 -771.6
-0.0 -0.0
-0.0 -0.0
-0.0 -0.0
-0.0 -0.0
-0.0 -0.0
-0.0 -0.0
-0.0 -0.0
-0.0 -0.0
-0.0 -0.0
-0.0 -0.0
-6.8 -1.5
-0.0 -0.0
-0.0 -0.0
-0.0 -0.0
-0.0 -0.0
-0.0 -0.0
-0.0 -0.0
-0.0 -0.0
-0.0 -0.0
-0.0 -0.0
-0.0 -0.0
-0.0 -0.0
-0.0 -0.0
-0.0 -0.0
-0.0 -0.0
-0.0 -0.0
-0.0 -0.0
-0.0 -0.0
-0.0 -0.0
-0.0 -0.0
-6.6 -2.4
-0.0 -0.0
-0.0 -0.0
-0.0 -0.0
-0.0 -0.0
-0.0 -0.0
-0.0 -0.0
-0.0 -0.0
-0.0 -0.0
-0.0 -0.0
-0.0 -0.0
-0.0 -0.0
-0.0 -0.0
-0.0 -0.0
-0.0 -0.0
-0.0 -0.0
-0.0 -0.0
-0.0 -0.0
-0.0 -0.0
-0.0 -0.0
-0.0 -0.0
-0.0 -0.0
-0.0 -0.0
-0.0 -0.0
-0.0 -0.0
-0.0 -0.0
-0.0 -0.0
-0.0 -0.0
-0.0 -0.0
509.8 -293.0
511.6 -289.8
517.7 -289.1
527.4 -290.3
530.0 -287.5
536.2 -286.6
545.9 -287.5
550.3 -285.5
552.1 -282.2
554.7 -279.2
556.4 -275.8
569.8 -278.1
6.3 -3.0
0.0 -0.0
0.0 -0.0
0.0 -0.0
0.0 -0.0
0.0 -0.0
0.0 -0.0
0.0 -0.0
0.0 -0.0
0.0 -0.0
0.0 -0.0
0.0 -0.0
0.0 -0.0
0.0 -0.0
0.0 -0.0
0.0 -0.0
0.0 -0.0
0.0 -0.0
0.0 -0.0
0.0 -0.0
0.0 -0.0
0.0 -0.0
0.0 -0.0
0.0 -0.0
6.7 -2.1
0.0 -0.0
0.0 -0.0
0.0 -0.0
0.0 -0.0
0.0 -0.0
0.0 -0.0
0.0 -0.0
0.0 -0.0
0.0 -0.0
0.0 -0.0
6.8 -1.6
0.0 -0.0
6.8 -1.5
0.0 -0.0
0.0 -0.0
0.0 -0.0
0.0 -0.0
0.0 -0.0
0.0 -0.0
0.0 -0.0
6.9 -1.2
0.0 -0.0
6.9 -1.1
1149.3 -177.7
992.1 -147.2
981.1 -139.4
970.1 -131.8
968.9 -125.5
954.8 -117.8
953.5 -111.7
948.2 -105.2
948.8 -99.3
949.4 -93.5
950.0 -87.7
950.5 -81.9
940.0 -75.1
940.4 -69.4
936.9 -63.3
936.2 -57.5
937.6 -51.8
936.9 -46.0
937.1 -40.3
947.4 -34.9
947.6 -29.1
947.7 -23.3
947.8 -17.4
949.9 -11.7
950.0 -5.8
962.0 0.0
968.0 5.9
982.9 12.1
0.0 0.0
0.0 0.0
0.0 0.0
2251.5 82.9
2238.9 96.2
2238.3 110.0
2229.6 123.3
2228.8 136.9
7.0 0.5
0.0 0.0
7.0 0.6
0.0 0.0
0.0 0.0
0.0 0.0
7.0 0.7
0.0 0.0
0.0 0.0
0.0 0.0
2253.2 291.9
2251.3 305.8
2248.4 319.4
2246.4 333.2
2243.3 346.8
2241.2 360.6
2238.9 374.4
2236.6 388.1
2234.2 401.8
2233.6 415.9
2231.0 429.6
2232.3 444.0
2234.4 458.7
2231.5 472.4
2228.6 486.1
2222.6 499.1
2222.5 513.4
2216.4 526.4
2213.1 539.9
2108.8 528.2
1974.8 507.6
1887.5 497.5
1862.2 503.1
1852.4 512.6
1840.5 521.5
1826.7 529.7
1813.9 538.1
1790.4 543.1
1779.4 551.7
1783.6 565.1
1778.2 575.4
1776.6 586.9
1777.7 599.4
1774.9 610.6
1770.2 621.2
1768.2 632.7
1781.2 649.7
1959.0 728.2
2158.4 817.4
2169.2 836.8
2164.0 850.1
2158.8 863.3
2159.0 878.8
2158.2 893.9
2154.5 908.0
2150.7 921.9
2151.4 937.9
2149.3 952.7
2145.2 966.7
2140.2 980.3
2136.8 994.7
2143.4 1013.7
2137.1 1026.9
2131.7 1040.4
2130.6 1056.1
2126.8 1070.5
2122.8 1084.9
2125.9 1103.0
2121.7 1117.4
2115.7 1130.9
2116.7 1148.1
2110.5 1161.6
2105.0 1175.5
2097.8 1188.4
2110.4 1212.7
2107.2 1228.1
2102.2 1242.6
2096.3 1256.5
2095.4 1273.5
2089.2 1287.3
2089.8 1305.4
2082.6 1318.8
2088.7 1340.7
2082.2 1354.6
2082.1 1372.8
2078.7 1388.9
2070.1 1401.7
2073.0 1422.2
2070.8 1439.5
2064.4 1453.9
2056.3 1467.1
2062.6 1490.9
2055.8 1505.3
2047.4 1518.4
2043.6 1535.2
2045.3 1556.2
2042.8 1574.2
2041.0 1592.8
2041.4 1613.4
2042.4 1634.6
2033.1 1647.8
2024.5 1661.5
2017.4 1676.4
2023.9 1702.9
2021.8 1722.5
0.0 0.0
0.0 0.0
0.0 0.0
0.0 0.0
0.0 0.0
0.0 0.0
0.0 0.0
619.2 582.3
606.9 577.8
600.5 578.8
596.2 581.7
589.8 582.6
585.5 585.5
581.9 589.1
578.3 592.6
572.5 594.0
568.9 597.5
568.6 604.6
564.9 608.1
561.2 611.6
557.4 615.0
556.9 622.1
555.1 627.8
546.0 625.1
547.4 634.5
544.1 638.6
540.2 642.0
533.7 642.2
529.7 645.5
520.1 641.7
505.5 631.6
496.0 627.6
486.6 623.6
482.2 625.8
477.7 627.9
473.3 630.0
468.8 632.1
461.4 630.1
457.5 633.0
451.9 633.3
446.8 634.4
442.9 637.2
439.0 639.9
431.7 637.6
427.8 640.2
422.8 641.2
418.8 643.8
414.9 646.3
405.5 640.4
401.6 642.9
395.0 641.1
381.7 628.1
377.9 630.4
373.0 631.0
369.1 633.3
363.7 632.9
358.3 632.6
350.5 627.8
345.7 628.1
340.4 627.6
334.2 625.3
329.4 625.6
317.3 611.6
311.7 610.0
303.0 602.0
298.0 601.2
294.3 603.0
290.6 604.8
285.2 603.0
281.5 604.7
276.5 603.7
272.4 604.5
268.7 606.1
265.4 608.7
261.6 610.3
257.9 611.9
256.0 618.1
254.1 624.3
250.3 625.8
247.2 629.2
243.3 630.7
239.1 631.2
235.2 632.7
227.5 623.8
152.9 427.5
147.3 419.9
141.5 411.3
124.6 369.6
99.8 301.9
94.5 292.1
89.1 281.2
84.7 273.2
83.0 273.7
74.5 251.2
65.7 226.7
44.4 156.8
42.4 153.2
40.2 148.7
37.7 143.1
35.3 137.5
34.5 137.7
31.8 130.2
30.7 129.4
29.0 125.7
27.6 122.9
25.6 117.2
26.1 123.3
25.3 123.4
23.4 117.7
22.3 115.9
21.0 113.1
20.4 113.2
19.7 113.3
19.8 118.4
19.1 118.5
18.5 119.6
18.6 125.6
17.0 119.8
16.3 119.9
15.5 120.0
14.8 120.1
14.1 120.2
13.6 122.3
13.0 124.3
12.4 125.4
11.6 125.5
10.8 125.5
9.8 122.6
9.0 122.7
8.3 122.7
7.8 126.8
7.0 126.8
6.5 131.8
5.7 131.9
5.0 136.9
4.0 131.9
3.3 135.0
2.5 135.0
1.7 135.0
0.8 125.0
0.0 128.0
-0.8 127.0
-1.6 127.0
-2.4 128.0
-3.3 135.0
-4.1 134.9
-5.2 141.9
-6.1 142.9
-7.1 143.8
-7.9 143.8
-9.0 146.7
-10.5 154.6
-11.5 155.6
-12.6 157.5
-13.6 157.4
-14.2 154.3
-15.5 157.2
-15.8 151.2
-16.8 151.1
-17.7 151.0
-18.6 150.9
-19.3 148.8
-20.2 148.6
-21.1 148.5
-22.0 148.4
-22.9 148.2
-24.1 150.1
-24.1 144.0
-24.8 142.9
-26.6 147.6
-27.5 147.5
-28.4 147.3
-29.3 147.1
-30.2 146.9
-32.3 152.6
-32.0 146.6
-34.2 152.2
-35.1 152.0
-36.3 152.8
-37.2 152.5
-38.1 152.3
-37.1 144.3
-38.0 144.1
-38.9 143.8
-39.2 141.7
-40.1 141.4
-41.5 143.1
-42.4 142.8
-43.3 142.6
-44.1 142.3
-45.6 143.9
-45.9 141.8
-44.2 133.9
-43.8 129.8
-44.6 129.5
-45.4 129.3
-47.8 133.7
-48.7 133.4
-51.2 137.8
-50.3 132.8
-51.1 132.5
-49.7 126.6
-50.5 126.3
-50.5 124.1
-52.0 125.6
-51.6 122.6
-53.6 125.0
-53.5 122.8
-54.3 122.5
-55.1 122.2
-56.2 122.7
-57.0 122.4
-57.7 122.0
-59.3 123.5
-60.1 123.1
-60.8 122.7
-58.4 116.1
-59.2 115.8
-59.9 115.4
-60.6 115.0
-62.7 117.3
-67.2 123.9
-68.0 123.5
-68.7 123.1
-67.0 118.3
-63.8 111.0
-64.5 110.6
-65.1 110.2
-65.8 109.8
-72.2 118.8
-72.9 118.3
-72.1 115.3
-68.5 108.1
-71.8 111.9
-72.5 111.5
-71.0 107.7
-71.7 107.3
-74.6 110.1
-78.1 113.8
-73.6 105.9
-77.2 109.6
-77.8 109.1
-74.4 102.9
-75.0 102.5
-75.7 102.0
-76.3 101.5
-81.7 107.4
-82.4 106.9
-87.4 111.9
-88.0 111.4
-83.1 103.8
-83.1 102.5
-79.9 97.4
-80.5 96.9
-81.1 96.4
-81.7 95.9
-84.3 97.7
-84.9 97.2
-85.5 96.6
-86.0 96.1
-86.6 95.6
-81.1 88.4
-81.0 87.2
-81.5 86.7
-79.3 83.3
-78.4 81.4
-76.8 78.7
-77.3 78.3
-77.8 77.8
-0.0 0.0
-0.0 0.0
-0.0 0.0
-0.0 0.0
-0.0 0.0
-0.0 0.0
-0.0 0.0
-0.0 0.0
-0.0 0.0
-0.0 0.0
-0.0 0.0
-0.0 0.0
-0.0 0.0
-0.0 0.0
-0.0 0.0
-0.0 0.0
-0.0 0.0
-0.0 0.0
-0.0 0.0
-0.0 0.0
-0.0 0.0
-2026.2 1541.6
-2015.6 1514.2
-2011.2 1491.6
-2017.9 1477.5
-1985.6 1435.2
-1987.9 1418.3
-1995.7 1405.5
-2001.0 1391.0
-2008.7 1378.1
-2012.1 1362.4
-2018.8 1348.9
-2027.0 1336.5
-2036.0 1324.6
-2044.1 1312.1
-2052.1 1299.5
-2060.1 1286.9
-2043.3 1259.0
-2045.8 1243.3
-2053.4 1230.8
-2061.8 1218.6
-2069.2 1206.0
-2082.6 1196.7
-2096.0 1187.4
-0.0 0.0
-0.0 0.0
-0.0 0.0
-0.0 0.0
-0.0 0.0
-0.0 0.0
-0.0 0.0
-0.0 0.0
-0.0 0.0
-0.0 0.0
-0.0 0.0
-0.0 0.0
-0.0 0.0
-0.0 0.0
-0.0 0.0
-0.0 0.0
-0.0 0.0
-0.0 0.0
-0.0 0.0
-0.0 0.0
-0.0 0.0
-0.0 0.0
-0.0 0.0
-0.0 0.0
-0.0 0.0
-0.0 0.0
-0.0 0.0
-0.0 0.0
-0.0 0.0
-0.0 0.0
-0.0 0.0
-0.0 0.0
-0.0 0.0
-0.0 0.0
-0.0 0.0
-0.0 0.0
-0.0 0.0
-0.0 0.0
-0.0 0.0
-0.0 0.0
-0.0 0.0
-0.0 0.0
-0.0 0.0
-0.0 0.0
-0.0 0.0
-0.0 0.0
-0.0 0.0
-0.0 0.0
-0.0 0.0
-0.0 0.0
-0.0 0.0
-0.0 0.0
-0.0 0.0
-0.0 0.0
-0.0 0.0
-0.0 0.0
-0.0 0.0
-4989.8 802.9
-4994.7 772.2
-4999.3 741.6
-4986.9 708.5
-4956.5 673.2
-4946.6 640.9
-4933.6 608.5
-4935.3 578.0
-4934.7 547.3
-4920.1 515.1
-4915.2 484.1
-4905.2 452.7
-4903.9 422.3
-4904.4 392.0
-4906.7 361.9
-4908.8 331.8
-0.0 0.0
-0.0 0.0
-0.0 0.0
-0.0 0.0
-0.0 0.0
-0.0 0.0
-0.0 0.0
-0.0 0.0
-0.0 0.0
-0.0 0.0
-7.0 0.0
-0.0 -0.0
-0.0 -0.0
-0.0 -0.0
-0.0 -0.0
-0.0 -0.0
-0.0 -0.0
-0.0 -0.0
-7.0 -0.3
-0.0 -0.0
-7.0 -0.4
-0.0 -0.0
-0.0 -0.0
-0.0 -0.0
-0.0 -0.0
-0.0 -0.0
-0.0 -0.0
-0.0 -0.0
-0.0 -0.0
-0.0 -0.0
-0.0 -0.0
-0.0 -0.0
-0.0 -0.0
-6.9 -1.0
-0.0 -0.0
-4987.7 -771.2
-0.0 -0.0
-0.0 -0.0
-0.0 -0.0
-0.0 -0.0
-0.0 -0.0
-0.0 -0.0
-0.0 -0.0
-0.0 -0.0
-0.0 -0.0
-0.0 -0.0
-6.8 -1.5
-0.0 -0.0
-0.0 -0.0
-0.0 -0.0
-0.0 -0.0
-0.0 -0.0
-0.0 -0.0
-0.0 -0.0
-0.0 -0.0
-0.0 -0.0
-0.0 -0.0
-0.0 -0.0
-0.0 -0.0
-0.0 -0.0
-0.0 -0.0
-0.0 -0.0
-0.0 -0.0
-0.0 -0.0
-0.0 -0.0
-0.0 -0.0
-6.6 -2.4
-0.0 -0.0
-0.0 -0.0
-0.0 -0.0
-0.0 -0.0
-0.0 -0.0
-0.0 -0.0
-0.0 -0.0
-0.0 -0.0
-0.0 -0.0
-0.0 -0.0
-0.0 -0.0
-0.0 -0.0
-0.0 -0.0
-0.0 -0.0
-0.0 -0.0
-0.0 -0.0
-0.0 -0.0
-0.0 -0.0
-0.0 -0.0
-0.0 -0.0
-0.0 -0.0
-0.0 -0.0
-0.0 -0.0
-0.0 -0.0
-0.0 -0.0
-0.0 -0.0
-0.0 -0.0
-0.0 -0.0
510.7 -293.5
512.5 -290.3
514.3 -287.2
516.9 -284.5
537.1 -291.3
539.7 -288.5
541.5 -285.2
546.8 -283.7
554.7 -283.5
560.1 -281.9
561.8 -278.5
571.6 -279.0
6.3 -3.0
0.0 -0.0
0.0 -0.0
0.0 -0.0
0.0 -0.0
0.0 -0.0
0.0 -0.0
0.0 -0.0
0.0 -0.0
0.0 -0.0
0.0 -0.0
0.0 -0.0
0.0 -0.0
0.0 -0.0
0.0 -0.0
0.0 -0.0
0.0 -0.0
0.0 -0.0
0.0 -0.0
0.0 -0.0
0.0 -0.0
0.0 -0.0
0.0 -0.0
0.0 -0.0
6.7 -2.1
0.0 -0.0
0.0 -0.0
0.0 -0.0
0.0 -0.0
0.0 -0.0
0.0 -0.0
0.0 -0.0
0.0 -0.0
0.0 -0.0
0.0 -0.0
6.8 -1.6
0.0 -0.0
0.0 -0.0
0.0 -0.0
0.0 -0.0
0.0 -0.0
0.0 -0.0
0.0 -0.0
0.0 -0.0
0.0 -0.0
6.9 -1.2
0.0 -0.0
6.9 -1.1
1145.4 -177.1
1004.0 -148.9
992.0 -140.9
976.0 -132.6
960.0 -124.4
951.8 -117.4
943.6 -110.5
944.2 -104.7
944.8 -98.9
945.4 -93.1
946.0 -87.3
942.5 -81.2
942.0 -75.3
941.4 -69.4
939.9 -63.5
939.2 -57.7
939.6 -51.9
939.9 -46.2
948.1 -40.7
950.4 -35.0
955.6 -29.3
954.7 -23.4
951.8 -17.5
954.9 -11.7
956.0 -5.9
959.0 0.0
973.0 6.0
982.9 12.1
2273.6 41.9
2273.3 55.8
2272.9 69.8
2259.5 83.2
2248.9 96.7
2208.3 108.5
2160.7 119.4
2097.0 128.8
2096.2 141.7
2095.3 154.6
0.0 0.0
0.0 0.0
0.0 0.0
0.0 0.0
0.0 0.0
0.0 0.0
2254.6 264.0
2252.9 277.9
2252.2 291.8
2249.3 305.5
2247.4 319.3
2246.4 333.2
2249.3 347.8
2247.1 361.6
2244.8 375.3
2242.5 389.1
2239.1 402.7
2236.6 416.4
2234.9 430.3
2233.2 444.2
2229.5 457.7
2227.6 471.6
2224.7 485.3
2221.7 498.9
2222.5 513.4
2219.3 527.0
2210.2 539.2
2100.1 526.1
1971.9 506.8
1901.1 501.1
1888.3 510.1
1851.4 512.4
1842.5 522.1
1822.9 528.6
1819.6 539.8
1809.6 548.9
1791.8 555.6
1788.4 566.6
1777.3 575.1
1770.9 585.0
1767.2 595.9
1766.4 607.7
1776.8 623.5
1772.9 634.4
1775.6 647.6
1981.5 736.6
2164.9 819.9
2164.5 835.0
2159.4 848.2
2162.5 864.8
2159.9 879.2
2158.2 893.9
2152.7 907.2
2148.9 921.2
2145.0 935.1
2148.4 952.3
2144.3 966.3
2140.2 980.3
2135.0 993.8
2130.7 1007.7
2132.6 1024.7
2136.1 1042.6
2131.5 1056.6
2125.0 1069.6
2118.4 1082.6
2119.7 1099.8
2118.2 1115.5
2114.0 1129.9
2117.5 1148.6
2110.5 1161.6
2107.7 1176.9
2101.3 1190.3
2100.0 1206.7
2102.9 1225.6
2097.9 1240.0
2090.3 1252.9
2094.5 1272.9
2090.1 1287.9
2087.2 1303.8
2086.8 1321.4
2088.7 1340.7
2083.0 1355.1
2075.5 1368.4
2072.9 1385.0
2074.3 1404.5
2074.7 1423.4
2072.5 1440.7
2065.2 1454.5
2062.0 1471.2
2056.1 1486.2
2053.4 1503.5
2057.8 1526.2
2048.4 1538.8
2045.3 1556.2
2042.1 1573.6
2039.5 1591.6
2032.0 1605.9
2028.4 1623.4
2031.6 1646.5
2028.4 1664.6
2028.9 1686.0
2022.3 1701.6
2015.7 1717.3
0.0 0.0
0.0 0.0
0.0 0.0
0.0 0.0
0.0 0.0
0.0 0.0
0.0 0.0
0.0 0.0
0.0 0.0
0.0 0.0
633.4 618.1
625.3 617.7
615.9 615.9
612.1 619.7
604.1 619.1
599.6 622.1
593.7 623.6
589.2 626.5
582.6 627.2
578.7 630.7
574.9 634.3
574.3 641.5
571.7 646.5
567.7 650.0
563.7 653.5
562.3 660.0
553.7 658.0
547.1 658.4
543.0 661.7
534.6 659.6
530.5 662.8
516.5 653.5
511.9 655.9
504.8 655.1
500.2 657.4
493.1 656.4
489.1 659.4
483.8 660.8
478.6 662.1
474.5 665.1
467.6 663.9
463.5 666.7
459.4 669.6
453.0 669.1
448.9 671.8
447.0 677.9
438.4 673.9
431.1 671.6
425.9 672.5
421.7 675.1
409.7 664.9
395.2 650.3
387.6 646.7
382.6 647.4
377.2 647.1
373.2 649.4
366.2 646.5
362.2 648.7
362.6 658.8
358.6 661.0
353.1 660.6
349.0 662.7
341.7 658.6
336.3 658.0
331.8 659.2
324.2 654.1
318.4 652.4
314.4 654.4
310.4 656.3
306.4 658.2
301.9 659.1
297.9 661.0
293.4 661.9
288.9 662.8
283.3 660.8
279.2 662.6
277.1 668.9
273.0 670.6
272.2 680.6
271.3 690.6
267.0 692.3
262.8 693.9
260.3 700.2
258.4 708.4
250.0 698.6
245.7 700.1
237.2 689.3
232.3 688.9
227.1 687.5
222.9 688.8
218.7 690.2
214.4 691.5
210.2 692.8
205.1 691.2
200.8 692.5
194.4 686.0
190.2 687.2
187.5 694.1
181.7 689.5
177.2 689.6
173.2 691.6
169.0 692.7
164.7 693.7
161.6 699.6
157.3 700.6
153.0 701.5
150.2 709.3
145.8 710.2
141.6 712.1
138.0 716.8
133.6 717.7
130.1 723.4
128.1 738.0
124.2 742.7
120.4 748.4
0.0 0.0
0.0 0.0
0.0 0.0
0.9 6.9
0.0 0.0
0.0 0.0
0.0 0.0
0.0 0.0
0.0 0.0
0.0 0.0
0.0 0.0
0.0 0.0
0.0 0.0
0.0 0.0
0.0 0.0
0.0 0.0
0.0 0.0
0.0 0.0
0.0 0.0
0.0 0.0
0.0 0.0
0.2 7.0
0.0 0.0
0.0 0.0
0.0 0.0
0.0 6.0
-0.0 6.0
-0.1 6.0
-0.1 6.0
-0.1 6.0
-0.2 6.0
-0.2 6.0
-0.3 6.0
-0.3 6.0
-0.3 6.0
-0.4 6.0
-0.4 6.0
-0.4 6.0
-0.5 6.0
-0.5 6.0
-0.6 6.0
-0.6 6.0
-0.6 6.0
-0.7 6.0
-0.7 6.0
-0.7 6.0
-0.8 6.0
-0.8 5.9
-0.8 5.9
-0.9 5.9
-0.9 5.9
-1.0 5.9
-1.0 5.9
-1.0 5.9
-0.0 0.0
-0.0 0.0
-0.0 0.0
-1.2 5.9
-1.2 5.9
-1.2 5.9
-1.3 5.9
-1.3 5.9
-0.0 0.0
-1.6 6.8
-0.0 0.0
-0.0 0.0
-0.0 0.0
-0.0 0.0
-1.8 6.8
-1331.4 4811.2
-996.4 3516.6
-1018.0 3510.4
-1039.5 3504.1
-1061.9 3500.5
-1083.6 3494.9
-1105.0 3488.1
-1126.1 3480.3
-1147.8 3474.3
-1169.1 3467.2
-1191.0 3461.9
-1213.8 3459.2
-1235.4 3452.6
-1256.5 3445.0
-1280.8 3445.7
-1304.0 3443.3
-1326.6 3439.0
-1348.7 3433.6
-1370.2 3426.2
-1391.9 3419.6
-1416.3 3419.3
-1438.8 3414.2
-1460.9 3408.1
-1484.6 3405.5
-1508.3 3402.7
-0.0 0.0
-0.0 0.0
-0.0 0.0
-0.0 0.0
-0.0 0.0
-0.0 0.0
-0.0 0.0
-0.0 0.0
-0.0 0.0
-0.0 0.0
-0.0 0.0
-107.0 200.2
-107.3 197.8
-103.2 187.5
-104.3 186.8
-97.1 171.4
-98.2 170.8
-99.2 170.2
-100.2 169.6
-101.3 169.0
-102.3 168.3
-103.3 167.7
-104.4 167.1
-106.5 168.1
-107.5 167.5
-108.5 166.8
-109.5 166.1
-108.3 162.1
-109.3 161.5
-110.3 160.8
-111.3 160.1
-119.8 170.1
-123.7 173.4
-121.8 168.6
-120.5 164.6
-121.5 163.9
-119.5 159.1
-119.3 156.8
-120.2 156.0
-121.2 155.3
-125.3 158.5
-127.5 159.3
-128.4 158.5
-129.4 157.7
-130.4 156.9
-131.3 156.1
-131.6 154.5
-131.9 153.0
-134.2 153.7
-133.1 150.6
-134.1 149.8
-137.0 151.2
-137.9 150.3
-142.9 153.9
-145.2 154.4
-152.4 160.1
-0.0 0.0
-0.0 0.0
-0.0 0.0
-0.0 0.0
-0.0 0.0
-0.0 0.0
-0.0 0.0
-0.0 0.0
-0.0 0.0
-0.0 0.0
-0.0 0.0
-0.0 0.0
-0.0 0.0
-0.0 0.0
-0.0 0.0
-0.0 0.0
-0.0 0.0
-0.0 0.0
-0.0 0.0
-0.0 0.0
-0.0 0.0
-0.0 0.0
-0.0 0.0
-0.0 0.0
-0.0 0.0
-0.0 0.0
-0.0 0.0
-0.0 0.0
-0.0 0.0
-0.0 0.0
-0.0 0.0
-0.0 0.0
-2104.5 1462.9
-2087.9 1432.4
-2060.2 1394.9
-2067.9 1381.7
-2070.5 1365.1
-2047.8 1332.2
-2049.2 1315.3
-2053.0 1300.0
-2057.5 1285.3
-2065.4 1272.7
-2069.7 1257.9
-2080.0 1246.7
-2087.6 1233.9
-2095.1 1221.1
-2100.0 1206.7
-2093.4 1185.9
-2091.1 1167.7
-2089.4 1150.0
-2093.8 1135.7
-2093.7 1119.1
-2100.5 1106.2
-2114.4 1097.0
-0.0 0.0
-0.0 0.0
-0.0 0.0
-0.0 0.0
-0.0 0.0
-0.0 0.0
-0.0 0.0
-0.0 0.0
-0.0 0.0
-0.0 0.0
-0.0 0.0
-0.0 0.0
-0.0 0.0
-0.0 0.0
-0.0 0.0
-0.0 0.0
-0.0 0.0
-0.0 0.0
-0.0 0.0
-0.0 0.0
-0.0 0.0
-0.0 0.0
-0.0 0.0
-0.0 0.0
-0.0 0.0
-0.0 0.0
-0.0 0.0
-0.0 0.0
-0.0 0.0
-0.0 0.0
-0.0 0.0
-0.0 0.0
-0.0 0.0
-0.0 0.0
-0.0 0.0
-0.0 0.0
-0.0 0.0
-0.0 0.0
-0.0 0.0
-0.0 0.0
-0.0 0.0
-0.0 0.0
-0.0 0.0
-0.0 0.0
-0.0 0.0
-0.0 0.0
-0.0 0.0
-0.0 0.0
-0.0 0.0
-0.0 0.0
-0.0 0.0
-6.9 1.1
-0.0 0.0
-6.9 1.0
-0.0 0.0
-4984.2 676.9
-4952.6 641.7
-4950.5 610.6
-4923.4 576.6
-4923.8 546.0
-4925.1 515.6
-4924.2 485.0
-4927.1 454.8
-4900.9 422.0
-4891.4 391.0
-4893.7 361.0
-4895.8 330.9
-0.0 0.0
-0.0 0.0
-0.0 0.0
-0.0 0.0
-0.0 0.0
-0.0 0.0
-0.0 0.0
-0.0 0.0
-0.0 0.0
-0.0 0.0
-7.0 0.0
-0.0 -0.0
-0.0 -0.0
-0.0 -0.0
-0.0 -0.0
-0.0 -0.0
-0.0 -0.0
-0.0 -0.0
-0.0 -0.0
-0.0 -0.0
-0.0 -0.0
-0.0 -0.0
-0.0 -0.0
-0.0 -0.0
-0.0 -0.0
-0.0 -0.0
-0.0 -0.0
-0.0 -0.0
-0.0 -0.0
-0.0 -0.0
-0.0 -0.0
-0.0 -0.0
-0.0 -0.0
-6.9 -1.0
-0.0 -0.0
-4985.8 -770.9
-0.0 -0.0
-0.0 -0.0
-0.0 -0.0
-0.0 -0.0
-0.0 -0.0
-0.0 -0.0
-0.0 -0.0
-0.0 -0.0
-0.0 -0.0
-0.0 -0.0
-6.8 -1.5
-0.0 -0.0
-0.0 -0.0
-0.0 -0.0
-0.0 -0.0
-0.0 -0.0
-0.0 -0.0
-0.0 -0.0
-0.0 -0.0
-0.0 -0.0
-0.0 -0.0
-0.0 -0.0
-0.0 -0.0
-0.0 -0.0
-0.0 -0.0
-0.0 -0.0
-0.0 -0.0
-0.0 -0.0
-0.0 -0.0
-0.0 -0.0
-6.6 -2.4
-0.0 -0.0
-0.0 -0.0
-0.0 -0.0
-0.0 -0.0
-0.0 -0.0
-0.0 -0.0
-0.0 -0.0
-0.0 -0.0
-0.0 -0.0
-0.0 -0.0
-0.0 -0.0
-0.0 -0.0
-0.0 -0.0
-0.0 -0.0
-0.0 -0.0
-0.0 -0.0
-0.0 -0.0
-0.0 -0.0
-0.0 -0.0
-0.0 -0.0
-0.0 -0.0
-0.0 -0.0
-0.0 -0.0
-0.0 -0.0
-0.0 -0.0
-0.0 -0.0
-0.0 -0.0
-0.0 -0.0
